<?xml version="1.0"?>
<opencv_storage>
<calibration_Time>"10/19/15 17:13:18"</calibration_Time>
<nrOfFrames>25</nrOfFrames>
<image_Width>640</image_Width>
<image_Height>480</image_Height>
<board_Width>8</board_Width>
<board_Height>5</board_Height>
<square_Size>49.</square_Size>
<FixAspectRatio>1.</FixAspectRatio>
<!-- flags:  +fix_aspectRatio +fix_principal_point +zero_tangent_dist -->
<flagValue>14</flagValue>
<Camera_Matrix type_id="opencv-matrix">
  <rows>3</rows>
  <cols>3</cols>
  <dt>d</dt>
  <data>
    6.2231467778126796e+002 0. 3.1950000000000000e+002 0.
    6.2231467778126796e+002 2.3950000000000000e+002 0. 0. 1.</data></Camera_Matrix>
<Distortion_Coefficients type_id="opencv-matrix">
  <rows>5</rows>
  <cols>1</cols>
  <dt>d</dt>
  <data>
    1.9562655132919832e-001 -1.3975896666909842e+000 0. 0.
    2.1853425568566673e+000</data></Distortion_Coefficients>
<Avg_Reprojection_Error>6.0062246584111167e-001</Avg_Reprojection_Error>
<Per_View_Reprojection_Errors type_id="opencv-matrix">
  <rows>25</rows>
  <cols>1</cols>
  <dt>f</dt>
  <data>
    1.04239213e+000 9.75894928e-001 9.82977569e-001 1.06299102e+000
    4.74391192e-001 2.49197036e-001 3.20150107e-001 2.59975612e-001
    2.53157675e-001 3.08256775e-001 3.74735564e-001 4.54403669e-001
    3.19516182e-001 3.45647365e-001 3.64845276e-001 2.93711811e-001
    6.70350015e-001 6.30557299e-001 4.79429960e-001 5.53165555e-001
    6.32170200e-001 5.47281027e-001 5.19494593e-001 1.00777817e+000
    3.34486425e-001</data></Per_View_Reprojection_Errors>
<!-- a set of 6-tuples (rotation vector + translation vector) for each view -->
<Extrinsic_Parameters type_id="opencv-matrix">
  <rows>25</rows>
  <cols>6</cols>
  <dt>d</dt>
  <data>
    -1.1436454829188458e-001 8.0601479171321710e-002
    3.0986811595983870e+000 1.4829302671940178e+002
    2.2522655605997213e+002 8.3380498956813824e+002
    -1.2461225444965779e-001 8.7113243663670958e-002
    3.0981504629060130e+000 1.4691916367644674e+002
    2.2572845004194710e+002 8.3721572445554239e+002
    -1.1739728019942036e-001 1.0977588165518246e-001
    3.1011714680855458e+000 1.4722103273112785e+002
    2.2835301096181513e+002 8.3312998352666705e+002
    -1.3193773563184741e-001 5.5890881664198457e-002
    3.1124558420503168e+000 1.4409258365474241e+002
    2.3550987500650970e+002 8.2814783563211756e+002
    3.2766016278329541e-003 -4.2287913795822335e-001
    -2.6518390091052724e+000 -3.8901957094148436e+001
    2.3711829429386606e+002 7.6920496943180603e+002
    3.1599928196117594e-002 -4.1189142924894662e-001
    -2.6676435654391102e+000 -3.2841035330894201e+001
    2.3577230548230071e+002 7.7679760964009290e+002
    7.4270954731109617e-002 -4.0935242890093315e-001
    -2.6809686985333885e+000 -2.8154486145509782e+001
    2.3696420161011821e+002 7.8809315725512442e+002
    7.4631805577620891e-002 -3.6449458026612697e-001
    -2.6871943728234227e+000 -2.8262008487929947e+001
    2.3884999042494596e+002 7.9258826564888773e+002
    7.5695033229016981e-002 -3.6784422051745130e-001
    -2.6887124709950232e+000 -2.7531846539305558e+001
    2.3947397159807113e+002 7.8930205754454551e+002
    7.5740031649191866e-002 -3.3728559670228864e-001
    -2.7428966694492560e+000 -1.7358474173431535e+001
    2.3379407585148994e+002 7.9006984606827120e+002
    7.3634438283236459e-002 -3.0757529930879546e-001
    -2.8612090195547415e+000 6.8541978450973176e+000
    2.2041759234810738e+002 7.9110633014902032e+002
    7.6722458493034577e-003 -3.3777060857677860e-001
    -3.1043621901750029e+000 3.9622786225308005e+001
    1.7044016039793979e+002 7.9128404221063363e+002
    2.4348023635966824e-002 2.6208832561626044e-001
    2.5131577172294470e+000 8.5327398739563392e+001
    -4.3914075503975383e+001 7.8314508889331114e+002
    3.7910415382724445e-002 2.8006967506842145e-001
    2.5150805463812924e+000 8.7731763806772832e+001
    -4.6571700101783314e+001 7.7971004863385338e+002
    2.7839436571069479e-002 2.5617265883180956e-001
    2.5312371753790237e+000 9.1343204882174689e+001
    -4.7651677227472355e+001 7.8547370348269044e+002
    1.0997534777525216e-002 2.4595043169496247e-001
    2.5412817219833581e+000 9.5408362201647392e+001
    -5.4246463864718137e+001 7.8916252107431762e+002
    3.9786812763887687e-002 -5.0840005239783348e-001
    -3.0615851465403434e+000 1.5474027021435461e+002
    -4.9585361748818457e+001 7.6622660125839673e+002
    3.2086116659975739e-002 -2.8858805497063472e-001
    -3.0973892646605696e+000 1.5317555817740487e+002
    -4.1990451666370198e+001 7.7166712746606049e+002
    4.5649190891373051e-002 -1.7865542161372819e-001
    -3.1201267685484666e+000 1.3772346556160554e+002
    -3.1620398782464537e+001 7.4402163270977269e+002
    3.3556169372791503e-002 -1.3980046820306122e-001
    -3.1316824540669175e+000 1.1992961171218158e+002
    -3.3159346946160433e+001 7.3122451779980781e+002
    -4.6781523295391508e-002 -4.3076503387979503e-003
    3.1217406849709475e+000 9.3784279695655371e+001
    -3.3332921255901724e+001 7.3794911668576174e+002
    -8.5711353807154111e-002 1.9597852114618813e-002
    3.0891374387001278e+000 7.9126225603724279e+001
    -3.2790793342609959e+001 7.3885945727788328e+002
    -1.3290460613305058e-001 -3.5135222838825982e-002
    3.0493435860320766e+000 5.8285885302910145e+001
    -2.9062260226213677e+001 7.4969281945886883e+002
    2.4675741888104178e-002 -1.6856457826542476e-001
    -2.2943120588088726e+000 2.0556029587235093e+002
    2.5802397924447763e+002 6.9139559532363478e+002
    1.0814662335731341e-001 -1.3289710102265359e-001
    -2.5611025084996051e+000 2.3265790604652369e+002
    1.7088401250473447e+002 7.4728213321453813e+002</data></Extrinsic_Parameters>
