%YAML:1.0
calibration_Time: "10/19/15 17:59:58"
nrOfFrames: 11
image_Width: 640
image_Height: 480
board_Width: 8
board_Height: 5
square_Size: 49.
FixAspectRatio: 1.
# flags:  +fix_aspectRatio +fix_principal_point +zero_tangent_dist
flagValue: 14
Camera_Matrix: !!opencv-matrix
   rows: 3
   cols: 3
   dt: d
   data: [ 6.4616443316355310e+002, 0., 3.1950000000000000e+002, 0.,
       6.4616443316355310e+002, 2.3950000000000000e+002, 0., 0., 1. ]
Distortion_Coefficients: !!opencv-matrix
   rows: 5
   cols: 1
   dt: d
   data: [ 1.5560529555683367e-001, -1.1651382756888453e+000, 0., 0.,
       2.2623369169155985e+000 ]
Avg_Reprojection_Error: 6.5665970555713304e-001
Per_View_Reprojection_Errors: !!opencv-matrix
   rows: 11
   cols: 1
   dt: f
   data: [ 5.44089377e-001, 4.88678575e-001, 4.81805444e-001,
       4.95229691e-001, 3.22114885e-001, 3.08282763e-001,
       1.42238533e+000, 3.79502118e-001, 3.54898065e-001,
       5.79171240e-001, 9.50580239e-001 ]
# a set of 6-tuples (rotation vector + translation vector) for each view
Extrinsic_Parameters: !!opencv-matrix
   rows: 11
   cols: 6
   dt: d
   data: [ 1.2950912388164544e-002, 2.6188519663361498e-001,
       3.0716001937610664e+000, 1.1593118366740268e+002,
       1.3816885398049055e+002, 7.0155035522811397e+002,
       1.3795759251749289e-002, 3.4051907002723225e-001,
       3.0960771713561748e+000, 7.6499643670158662e+001,
       1.5647234680630760e+002, 7.0059617008734062e+002,
       -1.9328310581111213e-002, -3.7642722386503163e-001,
       -3.0217126014626410e+000, 2.9180002495828148e+001,
       1.7195367026947562e+002, 7.0745382929128095e+002,
       -8.1439005800751252e-002, -2.6669893778885867e-001,
       -2.6109450338716558e+000, 1.0375119952288676e+001,
       1.6706496546595221e+002, 7.0574656969843807e+002,
       -2.0099350167462709e-002, -2.2152300911866291e-001,
       -2.6334535461080004e+000, 2.9691267654201297e+001,
       1.5777667488193774e+002, 7.2942452375818175e+002,
       3.0235338194361655e-001, 4.5127847048174496e-001,
       1.9283468386939930e+000, 1.4155860465395017e+002,
       -1.1372155579568643e+002, 7.3826278730161278e+002,
       5.3617996043496999e-002, 4.2241764177704993e-001,
       2.9667741542752339e+000, 1.7382545271803639e+002,
       1.1901793305766969e+002, 6.9928951983754371e+002,
       2.5274795938578942e-001, 3.0113434916236403e-001,
       3.0293062564682343e+000, 2.1093365118760323e+002,
       1.4340010398614069e+002, 6.8177543159784955e+002,
       2.9864050988653718e-001, 2.7577455260576939e-001,
       3.0581018438344065e+000, 1.9410527391394041e+002,
       1.5205027464625445e+002, 6.7951684748374885e+002,
       3.2321221479404139e-001, 4.0169884500287262e-001,
       2.8393819139012062e+000, 2.3788709031521913e+002,
       7.3038224149197362e+001, 6.8331991077480541e+002,
       3.6203742711618486e-001, 5.6044244630124573e-001,
       2.5269189157790226e+000, 2.1078504728239739e+002,
       -4.3911158054013839e+001, 6.8123381325469211e+002 ]
Image_points: !!opencv-matrix
   rows: 11
   cols: 40
   dt: "2f"
   data: [ 4.27470123e+002, 3.68278809e+002, 3.82383911e+002,
       3.70398285e+002, 3.36894501e+002, 3.72789185e+002,
       2.91540894e+002, 3.75499786e+002, 2.46249573e+002,
       3.77993073e+002, 2.00507660e+002, 3.80542480e+002,
       1.54960602e+002, 3.83268402e+002, 1.09717712e+002,
       3.85394287e+002, 4.23157104e+002, 3.22311127e+002,
       3.78586395e+002, 3.24828461e+002, 3.33848297e+002,
       3.27157654e+002, 2.89084290e+002, 3.29474365e+002,
       2.44624207e+002, 3.32014343e+002, 1.99563858e+002,
       3.34685333e+002, 1.54720871e+002, 3.37363495e+002,
       1.09611084e+002, 3.39907440e+002, 4.18688690e+002,
       2.77531403e+002, 3.74535370e+002, 2.80158752e+002,
       3.30492615e+002, 2.82492462e+002, 2.86821655e+002,
       2.85201477e+002, 2.42754959e+002, 2.87783936e+002,
       1.98510147e+002, 2.90297791e+002, 1.54288971e+002,
       2.92818512e+002, 1.09735077e+002, 2.95067749e+002,
       4.14584198e+002, 2.33793579e+002, 3.71069336e+002,
       2.36451080e+002, 3.27614655e+002, 2.39132111e+002,
       2.84466400e+002, 2.41744919e+002, 2.40692078e+002,
       2.44323471e+002, 1.97284378e+002, 2.46876022e+002,
       1.53409241e+002, 2.49406219e+002, 1.09868111e+002,
       2.51778305e+002, 4.11134735e+002, 1.90480438e+002,
       3.67753387e+002, 1.93550964e+002, 3.24995178e+002,
       1.96096725e+002, 2.81726501e+002, 1.98888657e+002,
       2.38793365e+002, 2.01463837e+002, 1.95375702e+002,
       2.03928833e+002, 1.52683929e+002, 2.06691086e+002,
       1.09566154e+002, 2.09158371e+002, 3.89792328e+002,
       3.84254364e+002, 3.44647705e+002, 3.85542908e+002,
       2.99249298e+002, 3.86715637e+002, 2.53838745e+002,
       3.87910889e+002, 2.08594086e+002, 3.89405884e+002,
       1.63101059e+002, 3.90803284e+002, 1.18080032e+002,
       3.91736816e+002, 7.33795624e+001, 3.92610565e+002,
       3.87606628e+002, 3.38606049e+002, 3.43389740e+002,
       3.39778473e+002, 2.98951874e+002, 3.40929749e+002,
       2.54325745e+002, 3.42102142e+002, 2.09686066e+002,
       3.43480469e+002, 1.64885605e+002, 3.44928894e+002,
       1.20012825e+002, 3.46369324e+002, 7.60379715e+001,
       3.47356537e+002, 3.85201019e+002, 2.94308746e+002,
       3.41590729e+002, 2.95496429e+002, 2.98204773e+002,
       2.96525696e+002, 2.54486252e+002, 2.97898712e+002,
       2.10514130e+002, 2.99332550e+002, 1.66179626e+002,
       3.00454956e+002, 1.22407036e+002, 3.01649506e+002,
       7.78041763e+001, 3.02878235e+002, 3.83362396e+002,
       2.51052063e+002, 3.40352570e+002, 2.52272858e+002,
       2.97736359e+002, 2.53608154e+002, 2.54489502e+002,
       2.54850540e+002, 2.10949600e+002, 2.56100891e+002,
       1.67539734e+002, 2.57356995e+002, 1.23894760e+002,
       2.58423676e+002, 8.07878647e+001, 2.59736328e+002,
       3.82161530e+002, 2.08088379e+002, 3.39206543e+002,
       2.09926208e+002, 2.97247131e+002, 2.11030350e+002,
       2.54025513e+002, 2.12447266e+002, 2.11265961e+002,
       2.13555527e+002, 1.68192398e+002, 2.14670715e+002,
       1.25548149e+002, 2.16110550e+002, 8.28940964e+001,
       2.17326218e+002, 3.45918335e+002, 3.97697784e+002,
       3.01458679e+002, 3.92962677e+002, 2.56816223e+002,
       3.88336945e+002, 2.12134583e+002, 3.83550262e+002,
       1.67924500e+002, 3.79119720e+002, 1.23704811e+002,
       3.74412628e+002, 8.06373291e+001, 3.70171356e+002,
       3.73397827e+001, 3.64851379e+002, 3.50020447e+002,
       3.52249817e+002, 3.06419312e+002, 3.47851318e+002,
       2.62653046e+002, 3.43376709e+002, 2.18793640e+002,
       3.39056152e+002, 1.75109039e+002, 3.34752136e+002,
       1.31741852e+002, 3.30528748e+002, 8.82027893e+001,
       3.25933167e+002, 4.55221672e+001, 3.21742676e+002,
       3.53377716e+002, 3.08395416e+002, 3.10618988e+002,
       3.03972168e+002, 2.68014954e+002, 2.99900085e+002,
       2.25003311e+002, 2.95801178e+002, 1.81783325e+002,
       2.91676422e+002, 1.38493179e+002, 2.87569794e+002,
       9.59806747e+001, 2.83195984e+002, 5.32972679e+001,
       2.79169159e+002, 3.57296814e+002, 2.65599426e+002,
       3.14992676e+002, 2.61710541e+002, 2.73124695e+002,
       2.57822906e+002, 2.30561874e+002, 2.54059692e+002,
       1.87952545e+002, 2.49872986e+002, 1.45802383e+002,
       2.46148636e+002, 1.03648712e+002, 2.41786591e+002,
       6.24026680e+001, 2.38178543e+002, 3.60917114e+002,
       2.23817169e+002, 3.19192505e+002, 2.20423737e+002,
       2.77734467e+002, 2.16608032e+002, 2.35735062e+002,
       2.12891556e+002, 1.93911087e+002, 2.09232254e+002,
       1.52121002e+002, 2.05233246e+002, 1.10995766e+002,
       2.01950439e+002, 6.96858978e+001, 1.98255707e+002,
       3.29654236e+002, 3.92747009e+002, 2.90750549e+002,
       3.70438599e+002, 2.51936279e+002, 3.47653442e+002,
       2.13720673e+002, 3.25547638e+002, 1.76543259e+002,
       3.03831604e+002, 1.39841156e+002, 2.82158020e+002,
